0.00642601 1
0.00880559 2
0.01282577 10
0.06114359 424
0.00788923 3
0.00888150 5
0.00899321 3
0.01012506 7
0.01014683 8
0.04361250 323
0.00953306 6
0.01084232 7
0.00850110 3
0.00613847 1
0.00835493 4
0.00939318 1
0.01106529 14
0.00782738 1
0.00584652 1
0.01147999 7
0.01608670 35
0.01223186 11
0.00888732 1
0.00860054 2
0.00937895 5
0.00835336 1
0.01006864 10
0.01120794 9
0.01237059 12
0.01668698 54
0.00991238 6
0.00913116 3
0.02692374 167
0.01401544 29
0.02189386 108
0.00630101 1
0.00597264 1
0.01207024 13
0.01622950 29
0.03738957 267
0.00740516 1
0.00951511 2
0.04951720 369
0.00740270 1
0.01142009 5
0.01147772 7
0.00919970 3
0.00899962 3
0.01166921 13
0.00942391 7
0.01476105 33
0.00908447 3
0.00839746 4
0.00807468 1
0.00956067 3
0.01932161 77
0.03530102 230
0.00998522 5
0.01074956 8
0.00964041 4
0.00743667 1
0.01046263 8
0.00744834 2
0.00833590 2
0.00861417 7
0.00718624 4
0.00758543 2
0.01121944 15
0.00999487 2
0.03203092 229
0.00896461 3
0.00642054 2
0.01440689 32
0.00864432 3
0.00790618 1
0.00718248 1
0.01235509 17
0.01736133 66
0.01703942 58
0.00797327 1
0.00750062 1
0.02055768 99
0.01878366 73
0.00522614 1
0.00812270 1
0.00747755 2
0.01056740 4
0.01087851 7
0.01416130 22
0.00575420 1
0.00708123 4
0.00810857 1
0.01295498 11
0.00905296 5
0.01883842 79
0.01021977 4
0.00874847 2
0.00699047 1
0.01381751 29
0.00645317 1
0.03375044 233
0.01304866 17
0.01554380 27
0.00753985 1
0.00897363 2
0.00948073 4
0.00839032 3
0.01646977 57
0.00718051 1
0.01355125 24
0.02607905 136
0.01091583 10
0.00947658 2
0.02308666 100
0.00528157 1
0.01076345 11
0.00779311 1
0.01961632 79
0.02240504 110
0.01468800 29
0.01722097 58
0.00687129 1
0.01445063 36
0.01225128 11
0.04679237 368
0.00679196 1
0.01213256 16
0.02360173 114
0.00977121 5
0.04772383 371
0.01442307 28
0.01092555 7
0.00711407 1
0.01101704 7
0.01749276 47
0.01307671 21
0.02601116 115
0.02198995 94
0.01268605 18
0.01093587 5
0.01045168 10
0.01914388 62
0.00910962 3
0.00808314 1
0.00932139 5
0.01559148 46
0.01311204 16
0.00994961 8
0.00950956 1
0.00731936 1
0.00774884 1
0.00710899 1
0.00624741 1
0.01377409 30
0.02416166 150
0.02143165 108
0.01312617 14
0.00821142 1
0.00708830 1
0.01325022 13
0.01038983 7
0.00829659 1
0.05362020 410
0.00902256 6
0.00715166 1
0.00912342 5
0.01355377 13
0.00699925 1
0.01279069 21
0.00741313 2
0.01041885 3
0.01141743 9
0.01720707 52
0.00840542 1
0.00786545 1
0.01042364 7
0.01795218 57
0.00968060 3
0.01102856 8
0.01649154 46
0.00878597 3
0.02190566 101
0.00849097 1
0.01462970 39
0.00688002 1
0.00841645 1
0.01245026 10
0.00954077 3
0.01023584 2
0.01016337 4
0.00675753 1
0.01011130 5
0.00605953 1
0.03710208 235
0.01387148 18
0.00105185 1
0.00124139 1
0.01032176 9
0.00692907 2
0.01451261 28
0.00834462 5
0.00781779 1
0.01415790 28
0.00880105 1
0.01737102 48
0.01224641 20
0.00691802 1
0.00976662 2
0.01935594 69
0.01059308 9
0.00881498 1
0.00828368 1
0.00770232 2
0.00575896 1
0.00834765 4
0.00722693 1
0.00861989 6
0.00707852 1
0.01008936 8
0.01590971 42
0.00745433 2
0.00834629 2
0.01768373 66
0.00770382 2
0.01440643 24
0.01152654 13
0.01063850 5
0.01126597 6
0.00921548 3
0.01959449 82
0.01135914 5
0.02846502 170
0.01344102 20
0.01759475 66
0.00905561 4
0.00784435 1
0.00803147 2
0.00938206 6
0.03454665 222
0.00866003 2
0.01531250 36
0.00846315 2
0.01509793 37
0.00752264 1
0.00782355 1
0.00826792 1
0.00792881 1
0.01074358 10
0.02597825 156
0.02672567 149
0.01268959 12
0.03703664 259
0.01119642 12
0.00464713 1
0.01577937 31
0.00636716 1
0.01031469 8
0.02365692 106
0.01023595 7
0.00954796 2
0.00862627 1
0.01925393 70
0.01097842 11
0.00663221 1
0.01156507 12
0.00919091 4
0.00859993 4
0.01078552 10
0.00812195 1
0.01365892 22
0.00928565 6
0.00942195 7
0.01905635 68
0.01064715 7
0.01345944 19
0.00868060 2
0.03018750 204
0.03608655 250
0.01353590 16
0.01138502 9
0.00907359 5
0.01202870 15
0.00837015 4
0.00810002 3
0.00927845 3
0.00664367 1
0.02252884 102
0.01810382 65
0.00848027 2
0.00988746 4
0.01148170 12
0.01490795 27
0.06657737 468
0.00906960 1
0.00739925 1
0.00921810 1
0.00551181 1
0.01022163 8
0.00988543 8
0.01184359 14
0.00643378 2
0.01656298 46
0.00860073 1
0.01383200 24
0.00909864 3
0.01569817 39
0.00973328 5
0.01059555 8
0.00962147 3
0.04211710 299
0.00761703 1
0.00829017 2
0.00922717 6
0.00864685 1
0.01014220 9
0.00966012 6
0.00902155 4
0.00816415 1
0.00790490 1
0.00638324 1
0.00951570 4
0.00955842 2
0.00516684 1
0.00789851 1
0.00952667 5
0.01053717 6
0.01469618 33
0.00651160 1
0.00785195 1
0.01392016 25
0.04655377 366
0.01374972 23
0.00894106 1
0.00724263 1
0.00551990 1
0.00951438 4
0.03004337 205
0.00853069 2
0.01440720 25
0.04031088 293
0.00574608 1
0.03249808 254
0.01897939 58
0.01298966 21
0.00922018 3
0.00512905 1
0.03955208 309
0.01435627 27
0.00954243 4
0.00831713 1
0.01782736 78
0.01168605 14
0.00742956 1
0.00828795 1
0.01315536 28
0.00860347 3
0.00822488 1
0.01498182 27
0.00870931 1
0.00773539 1
0.01309241 27
0.00713756 1
0.01072434 9
0.01379936 31
0.00901996 1
0.02145595 113
0.01356254 31
0.00969691 1
0.01128795 7
0.01806225 63
0.01036677 4
0.00584784 1
0.01437992 21
0.01327156 27
0.01221458 9
0.01435192 25
0.02675893 150
0.00942441 3
0.00773380 1
0.05842265 445
0.01338419 13
0.01117395 8
0.01484589 25
0.01187449 12
0.01868508 59
0.00755856 1
0.00953226 3
0.00790391 3
0.03061338 186
0.00890712 2
0.00816510 2
0.00996788 4
0.00757910 1
0.00778088 1
0.00844411 1
0.00761310 3
0.00759177 1
0.01025130 8
0.00841068 2
0.01155797 17
0.01062485 6
0.02068471 86
0.00805520 1
0.01868733 57
0.01042962 9
0.00894243 2
0.00602083 1
0.01996304 75
0.00955541 4
0.01054602 6
0.00618161 1
0.00558112 1
0.00691985 1
0.01037406 4
0.00981788 4
0.01475730 32
0.00707120 1
0.00770197 1
0.01373627 29
0.00982436 5
0.01452145 28
0.00758929 2
0.01383535 26
0.00629772 1
0.02582615 139
0.02512113 123
0.00872252 3
0.01479033 46
0.01112929 10
0.00935977 5
0.00809207 1
0.00694922 1
0.00824353 4
0.00613867 1
0.00782452 1
0.00690285 1
0.02690347 171
0.04258213 282
0.02000947 86
0.00586192 1
0.00834027 1
0.00761635 1
0.01532366 36
0.00950250 3
0.01049121 5
0.00931668 2
0.00745397 1
0.01183538 16
0.01007996 5
0.01144971 11
0.01611491 39
0.00653817 1
0.00891826 1
0.00812795 1
0.00814611 1
0.01281094 16
0.00811081 2
0.00641354 1
0.00096518 0
0.00091360 0
0.00089636 0
0.00097724 0
0.00089661 0
0.00093987 0
0.00088419 0
0.00090120 0
0.00101713 0
0.00094154 0
0.00086529 0
0.00095244 0
0.00075002 0
0.00083867 0
0.00090051 0
0.00088468 0
0.00090472 0
0.00084530 0
0.00096226 0
0.00081503 0
0.00094535 0
0.00102481 0
0.00093870 0
0.00082717 0
0.00084187 0
0.00088883 0
0.00136636 0
0.00080478 0
0.00094901 0
0.00113104 0
0.00129086 0
0.00095303 0
0.00097179 0
0.00090931 0
0.00088543 0
0.00096786 0
0.00080009 0
0.00078820 0
0.00091341 0
0.00091054 0
0.00083409 0
0.00096047 0
0.00102586 0
0.00080627 0
0.00098131 0
0.00107539 0
0.00095155 0
0.00092628 0
0.00105267 0
0.00095358 0
0.00088847 0
0.00111322 0
0.00080707 0
0.00082172 0
0.00107623 0
0.00109358 0
0.00088833 0
0.00089647 0
0.00101112 0
0.00078345 0
0.00075831 0
0.00085167 0
0.00085502 0
0.00098077 0
0.00118565 0
0.00105086 0
0.00094316 0
0.00102899 0
0.00085652 0
0.00097276 0
0.00109839 0
0.00090426 0
0.00100614 0
0.00096673 0
0.00084099 0
0.00081993 0
0.00092031 0
0.00105665 0
0.00075607 0
0.00092411 0
0.00089107 0
0.00078916 0
0.00123755 0
0.00095514 0
0.00090987 0
0.00102799 0
0.00093249 0
0.00093097 0
0.00094937 0
0.00096620 0
0.00102103 0
0.00087726 0
0.00089508 0
0.00093232 0
0.00107486 0
0.00098472 0
0.00083251 0
0.00094863 0
0.00089619 0
0.00096384 0
0.00084333 0
0.00089071 0
0.00095639 0
0.00092811 0
0.00077647 0
0.00095662 0
0.00088333 0
0.00124914 0
0.00083285 0
0.00095943 0
0.00103998 0
0.00088944 0
0.00087064 0
0.00083592 0
0.00098149 0
0.00094531 0
0.00085318 0
0.00103956 0
0.00097479 0
0.00106391 0
0.00097407 0
0.00082179 0
0.00091074 0
0.00095902 0
0.00091007 0
0.00077579 0
0.00100783 0
0.00078481 0
0.00102023 0
0.00087445 0
0.00093962 0
0.00092745 0
0.00089960 0
0.00091779 0
0.00100289 0
0.00093074 0
0.00090180 0
0.00110217 0
0.00080322 0
0.00108324 0
0.00090003 0
0.00090422 0
0.00096329 0
0.00093579 0
0.00091717 0
0.00091582 0
0.00101006 0
0.00090237 0
0.00071122 0
0.00093008 0
0.00090960 0
0.00089032 0
0.00078443 0
0.00091023 0
0.00097160 0
0.00100982 0
0.00106959 0
0.00096688 0
0.00084685 0
0.00084534 0
0.00092181 0
0.00099343 0
0.00088566 0
0.00101596 0
0.00089807 0
0.00077444 0
0.00101974 0
0.00099645 0
0.00094266 0
0.00105262 0
0.00085401 0
0.00094463 0
0.00092528 0
0.00082761 0
0.00106164 0
0.00099018 0
0.00107489 0
0.00102119 0
0.00087468 0
0.00088243 0
0.00101905 0
0.00081047 0
0.00098069 0
0.00096186 0
0.00099378 0
0.00092189 0
0.00096833 0
0.00071273 0
0.00077136 0
0.00087635 0
0.00096998 0
0.00094769 0
0.00096677 0
0.00086894 0
0.00100660 0
0.00085631 0
0.00093385 0
0.00095005 0
0.00092791 0
0.00089392 0
0.00091567 0
0.00087498 0
0.00080235 0
0.00093054 0
0.00085729 0
0.00100385 0
0.00093689 0
0.00094687 0
0.00084964 0
0.00110368 0
0.00082480 0
0.00122128 0
0.00106290 0
0.00116535 0
0.00091548 0
0.00090025 0
0.00087352 0
0.00094406 0
0.00120410 0
0.00101457 0
0.00089837 0
0.00109826 0
0.00083211 0
0.00085903 0
0.00080365 0
0.00091985 0
0.00120462 0
0.00094934 0
0.00096945 0
0.00088815 0
0.00099083 0
0.00086618 0
0.00095941 0
0.00076073 0
0.00118310 0
0.00095090 0
0.00089037 0
0.00080955 0
0.00091323 0
0.00090741 0
0.00109713 0
0.00088836 0
0.00107119 0
0.00078451 0
0.00085403 0
0.00102328 0
0.00073528 0
0.00092692 0
0.00097103 0
0.00100698 0
0.00074290 0
0.00091177 0
0.00116788 0
0.00094970 0
0.00106920 0
0.00131183 0
0.00098634 0
0.00084646 0
0.00083872 0
0.00087422 0
0.00099122 0
0.00143873 0
0.00085431 0
0.00076495 0
0.00090374 0
0.00086480 0
0.00096399 0
0.00088120 0
0.00092193 0
0.00112153 0
0.00087836 0
0.00085611 0
0.00084254 0
0.00102056 0
0.00093985 0
0.00079787 0
0.00098537 0
0.00091704 0
0.00126803 0
0.00102311 0
0.00099621 0
0.00137621 0
0.00093149 0
0.00093460 0
0.00092779 0
0.00095478 0
0.00093478 0
0.00087103 0
0.00089590 0
0.00120570 0
0.00093841 0
0.00079995 0
0.00097085 0
0.00096288 0
0.00094214 0
0.00099593 0
0.00104628 0
0.00083083 0
0.00092985 0
0.00087229 0
0.00082902 0
0.00079960 0
0.00103908 0
0.00088586 0
0.00088746 0
0.00099255 0
0.00091931 0
0.00094676 0
0.00103918 0
0.00093271 0
0.00097803 0
0.00096065 0
0.00081250 0
0.00091267 0
0.00093242 0
0.00091684 0
0.00099050 0
0.00086759 0
0.00106112 0
0.00103521 0
0.00090055 0
0.00098123 0
0.00078396 0
0.00093600 0
0.00112659 0
0.00093826 0
0.00095778 0
0.00109216 0
0.00090247 0
0.00098630 0
0.00091791 0
0.00099220 0
0.00094512 0
0.00081620 0
0.00090825 0
0.00095568 0
0.00095751 0
0.00107066 0
0.00104439 0
0.00081136 0
0.00097736 0
0.00089383 0
0.00104045 0
0.00084727 0
0.00109619 0
0.00088482 0
0.00099497 0
0.00109401 0
0.00090508 0
0.00079030 0
0.00094798 0
0.00105898 0
0.00103834 0
0.00098244 0
0.00101723 0
0.00103859 0
0.00105113 0
0.00107156 0
0.00091661 0
0.00106470 0
0.00091514 0
0.00089126 0
0.00096437 0
0.00102020 0
0.00093263 0
0.00104977 0
0.00081696 0
0.00084593 0
0.00115709 0
0.00095201 0
0.00087756 0
0.00079173 0
0.00107914 0
0.00080958 0
0.00088189 0
0.00111560 0
0.00086441 0
0.00097427 0
0.00089940 0
0.00087266 0
0.00118485 0
0.00088148 0
0.00111092 0
0.00100099 0
0.00088722 0
0.00102599 0
0.00087409 0
0.00105342 0
0.00081662 0
0.00103463 0
0.00097252 0
0.00082718 0
0.00093633 0
0.00095197 0
0.00086321 0
0.00106257 0
0.00096967 0
0.00089250 0
0.00095325 0
0.00144500 0
0.00096552 0
0.00103784 0
0.00093100 0
0.00095803 0
0.00099593 0
0.00111890 0
0.00083441 0
0.00086271 0
0.00093779 0
0.00101742 0
0.00091661 0
0.00088666 0
0.00094330 0
0.00092171 0
0.00088993 0
0.00111206 0
0.00102145 0
0.00115103 0
0.00091770 0
0.00080090 0
0.00075266 0
0.00096384 0
0.00088191 0
0.00093434 0
0.00098580 0
0.00095938 0
0.00108775 0
0.00087136 0
0.00143954 0
0.00090238 0
0.00100975 0
0.00103022 0
0.00087741 0
0.00090171 0
0.00099156 0
0.00084032 0
0.00125078 0
0.00089182 0
0.00099970 0
0.00103371 0
0.00108862 0
0.00104892 0
0.00104606 0
0.00093710 0
0.00090567 0
0.00095128 0
0.00104844 0
0.00088822 0
0.00080680 0
0.00086652 0
0.00087716 0
0.00097213 0
0.00095547 0
0.00080605 0
0.00099883 0
0.00093948 0
0.00085044 0
0.00082976 0
0.00095803 0
0.00090613 0
0.00089224 0
0.00084689 0
0.00093593 0
0.00076756 0
0.00091493 0
0.00076757 0
0.00085844 0
0.00097422 0
0.00160440 0
0.00086163 0
0.00096065 0
0.00093756 0
0.00087521 0
0.00084166 0
0.00091534 0
0.00121958 0
0.00083363 0
0.00093151 0
0.00094457 0
0.00090185 0
0.00095777 0
0.00139244 0
0.00089171 0
0.00092373 0
0.00084661 0
0.00089665 0
0.00109468 0
0.00089479 0
0.00086542 0
0.00128664 0
0.00108312 0
0.00096516 0
0.00094070 0
0.00107562 0
0.00087875 0
0.00086743 0
0.00081549 0
0.00090124 0
0.00079583 0
0.00095355 0
0.00081249 0
0.00087229 0
0.00086150 0
0.00103747 0
0.00082938 0
0.00100364 0
0.00090875 0
0.00375718 0
0.00089300 0
0.00088786 0
0.00126743 0
0.00100593 0
0.00085485 0
0.00086531 0
0.00100957 0
0.00100599 0
0.00108780 0
0.00081910 0
0.00088961 0
0.00085151 0
0.00081877 0
0.00095816 0
0.00089142 0
0.00116030 0
0.00096128 0
0.00088925 0
0.00082732 0
0.00103989 0
0.00090742 0
0.00081614 0
0.00081795 0
0.00100298 0
0.00112339 0
0.00097836 0
0.00086493 0
0.00097673 0
0.00095847 0
0.00092213 0
0.00114020 0
0.00085569 0
0.00099665 0
0.00091567 0
0.00080794 0
0.00085456 0
0.00110889 0
0.00092633 0
0.00083127 0
0.00100796 0
0.00108928 0
0.00079642 0
0.00103103 0
0.00123421 0
0.00093152 0
0.00103988 0
0.00103578 0
0.00098305 0
0.00115138 0
0.00086315 0
0.00105120 0
0.00080432 0
0.00090713 0
0.00095967 0
0.00084429 0
0.00094482 0
0.00084535 0
0.00092793 0
0.00089676 0
0.00085679 0
0.00095959 0
0.00098452 0
0.00108264 0
0.00095498 0
0.00080678 0
0.00103160 0
0.00084091 0
0.00102544 0
0.00089645 0
0.00089597 0
0.00080606 0
0.00085505 0
0.00115797 0
0.00093325 0
0.00090996 0
0.00089987 0
0.00094976 0
0.00108499 0
0.00092763 0
0.00085126 0
0.00103100 0
0.00079211 0
0.00105558 0
0.00083639 0
0.00087721 0
0.00090957 0
0.00096043 0
0.00094877 0
0.00090134 0
0.00094415 0
0.00094601 0
0.00102267 0
0.00100277 0
0.00090317 0
0.00091488 0
0.00087592 0
0.00122340 0
0.00092407 0
0.00092735 0
0.00088071 0
0.00093276 0
0.00087293 0
0.00089543 0
0.00078607 0
0.00107315 0
0.00092247 0
0.00103172 0
0.00094487 0
0.00100145 0
0.00105227 0
0.00092039 0
0.00111958 0
0.00090972 0
0.00090371 0
0.00091944 0
0.00100285 0
0.00088463 0
0.00086644 0
0.00108247 0
0.00105936 0
0.00092632 0
0.00107739 0
0.00093572 0
0.00102213 0
0.00100357 0
0.00105389 0
0.00084856 0
0.00106267 0
0.00104826 0
0.00088963 0
0.00097326 0
0.00092998 0
0.00113099 0
0.00121307 0
0.00091560 0
0.00136259 0
0.00106743 0
0.00085581 0
0.00107084 0
0.00115321 0
0.00089702 0
0.00095374 0
0.00090537 0
0.00090186 0
0.00086603 0
0.00094631 0
0.00086411 0
0.00085798 0
0.00098232 0
0.00092642 0
0.00095249 0
0.00096866 0
0.00076540 0
0.00102532 0
0.00086637 0
0.00090079 0
0.00092755 0
0.00095411 0
0.00096059 0
0.00092821 0
0.00087241 0
0.00098436 0
0.00111305 0
0.00096283 0
0.00088472 0
0.00091929 0
0.00169516 0
0.00092719 0
0.00097491 0
0.00086828 0
0.00087875 0
0.00087155 0
0.00099349 0
0.00112650 0
0.00101478 0
0.00099497 0
0.00084519 0
0.00091585 0
0.00085591 0
0.00090871 0
0.00097209 0
0.00095323 0
0.00092494 0
0.00097657 0
0.00120856 0
0.00106687 0
0.00078972 0
0.00090482 0
0.00098073 0
0.00082112 0
0.00126262 0
0.00107284 0
0.00082695 0
0.00088237 0
0.00080294 0
0.00104889 0
0.00083791 0
0.00093777 0
0.00096958 0
0.00099902 0
0.00112427 0
0.00093454 0
0.00095564 0
0.00086793 0
0.00093335 0
0.00103688 0
0.00092909 0
0.00116782 0
0.00094674 0
0.00089887 0
0.00087896 0
0.00105711 0
0.00098733 0
0.00095604 0
0.00097051 0
0.00083265 0
0.00104614 0
0.00091748 0
0.00106677 0
0.00094631 0
0.00094986 0
0.00091915 0
0.00081909 0
0.00116793 0
0.00096270 0
0.00090994 0
0.00095510 0
0.00091681 0
0.00076999 0
0.00112824 0
0.00088627 0
0.00087907 0
0.00095721 0
0.00098679 0
0.00098641 0
0.00087419 0
0.00095315 0
0.00090440 0
0.00100061 0
0.00105372 0
0.00098479 0
0.00101378 0
0.00097036 0
0.00090936 0
0.00085318 0
0.00112790 0
0.00080593 0
0.00100133 0
0.00084519 0
0.00087269 0
0.00107172 0
0.00114943 0
0.00097215 0
0.00087991 0
0.00098539 0
0.00091130 0
0.00098423 0
0.00086915 0
0.00088805 0
0.00086646 0
0.00093993 0
0.00108689 0
0.00103105 0
0.00086085 0
0.00094668 0
0.00097812 0
0.00092793 0
0.00095519 0
0.00114367 0
0.00107894 0
0.00106573 0
0.00087663 0
0.00096914 0
0.00086633 0
0.00100172 0
0.00114280 0
0.00118918 0
0.00096897 0
0.00076659 0
0.00090756 0
0.00098589 0
0.00085061 0
0.00098507 0
0.00090542 0
0.00097279 0
0.00108198 0
0.00092299 0
0.00088865 0
0.00086673 0
0.00088637 0
0.00094971 0
0.00094560 0
0.00100168 0
0.00101990 0
0.00123667 0
0.00095438 0
0.00088540 0
0.00121014 0
0.00095903 0
0.00097705 0
0.00089146 0
0.00097489 0
0.00078832 0
0.00094495 0
0.00091487 0
0.00092004 0
0.00115432 0
0.00090293 0
0.00094091 0
0.00096321 0
0.00083763 0
0.00086916 0
0.00081256 0
0.00087412 0
0.00085177 0
0.00076319 0
0.00092970 0
0.00101724 0
0.00077948 0
0.00094540 0
0.00096339 0
0.00082613 0
0.00093347 0
0.00099590 0
0.00099047 0
0.00093013 0
0.00086426 0
0.00084866 0
0.00085196 0
0.00088016 0
0.00082596 0
0.00090859 0
0.00083060 0
0.00089559 0
0.00117079 0
0.00103277 0
0.00099765 0
0.00091494 0
0.00091255 0
0.00095392 0
0.00098535 0
0.00151317 0
0.00104378 0
0.00089333 0
0.00081010 0
0.00103480 0
0.00108314 0
0.00086380 0
0.00089869 0
0.00083154 0
0.00087314 0
0.00092376 0
0.00099714 0
0.00105292 0
0.00095906 0
0.00105158 0
0.00088281 0
0.00087284 0
0.00111177 0
0.00089235 0
0.00085591 0
0.00099373 0
0.00092053 0
0.00092412 0
0.00089287 0
0.00096277 0
0.00092575 0
0.00087687 0
0.00095070 0
0.00084656 0
0.00086134 0
0.00084476 0
0.00124004 0
0.00082793 0
0.00089256 0
0.00093989 0
0.00100632 0
0.00094949 0
0.00100903 0
0.00094588 0
0.00111926 0
0.00083090 0
0.00089757 0
0.00083482 0
0.00086330 0
0.00085062 0
0.00096146 0
0.00090904 0
0.00082355 0
0.00082937 0
0.00091954 0
0.00091297 0
0.00088836 0
0.00089838 0
0.00084723 0
0.00086832 0
0.00086382 0
0.00096370 0
0.00111617 0
0.00102744 0
0.00082027 0
0.00088843 0
0.00083128 0
0.00100614 0
0.00089965 0
0.00113493 0
0.00093935 0
0.00094107 0
0.00088687 0
0.00095162 0
0.00086947 0
0.00093633 0
0.00118283 0
0.00114032 0
0.00092854 0
0.00108798 0
0.00089143 0
0.00095331 0
0.00086616 0
0.00090030 0
0.00101517 0
0.00101813 0
0.00100988 0
0.00086597 0
0.00095244 0
0.00092078 0
0.00084142 0
0.00108513 0
0.00099866 0
0.00115876 0
0.00090745 0
0.00099571 0
0.00083824 0
0.00119997 0
0.00127655 0
0.00091975 0
0.00075606 0
0.00081762 0
0.00110133 0
0.00094745 0
0.00093902 0
0.00086492 0
0.00088005 0
0.00073516 0
0.00123504 0
0.00105535 0
0.00088674 0
0.00094892 0
0.00100870 0
0.00088814 0
0.00108872 0
0.00103722 0
0.00091921 0
0.00151785 0
0.00082373 0
0.00115878 0
0.00091707 0
0.00092924 0
0.00096565 0
0.00082945 0
0.00083521 0
0.00082121 0
0.00103426 0
0.00083486 0
0.00107641 0
0.00099431 0
0.00113510 0
0.00102036 0
0.00090637 0
0.00085903 0
0.00082709 0
0.00098982 0
0.00094946 0
0.00111879 0
0.00119228 0
0.00085403 0
0.00086385 0
0.00100906 0
0.00102698 0
0.00107017 0
0.00103923 0
0.00085414 0
0.00083221 0
0.00094603 0
0.00085204 0
0.00098060 0
0.00104074 0
0.00095389 0
0.00094266 0
0.00102075 0
0.00108191 0
0.00082954 0
